year;GPD
1960;1.36943449297967
1961;1.42510526611105
1962;1.53005825108857
1963;1.64829357491211
1964;1.80566146572365
1965;1.96626353750987
1966;2.13333060480006
1967;2.27093598778791
1968;2.45143228855665
1969;2.70463344246162
1970;2.96086379581846
1971;3.27328736344399
1972;3.77753342756394
1973;4.60909326869529
1974;5.3158550387163
1975;5.92022107054594
1976;6.43808228760202
1977;7.27744307311323
1978;8.5844974734181
1979;9.97113671301399
1980;11.2275507475005
1981;11.6237930427513
1982;11.5144754421939
1983;11.747029733626
1984;12.1798881619981
1985;12.7933441099523
1986;15.1185140048247
1987;17.2009876624281
1988;19.2441407951699
1989;20.0874311071982
1990;22.6263691233133
1991;23.9665563685986
1992;25.4528806011177
1993;25.8578619524374
1994;27.7707006051311
1995;30.8865647914419
1996;31.5726300149414
1997;31.4580727679393
1998;31.3932878155034
1999;32.5617726748446
2000;33.6186162104746
2001;33.4265773375349
2002;34.7098099693014
2003;38.9448086543978
2004;43.8671388748724
2005;47.5172267273358
2006;51.5020216642728
2007;58.0315350986895
2008;63.6755541019677
2009;60.3955400537916
2010;66.1131191315633
2011;73.448341079239
2012;75.1459970619637
2013;77.3020226026301
2014;79.4508076774297
2015;75.198758494969
2016;76.3357954453804
2017;81.2291827063925
2018;86.3570734487461
2019;87.697518999809
