Year,Land,Ocean
1880,-0.48,0.01
1881,-0.47,-0.07
1882,-0.33,-0.03
1883,-0.53,-0.07
1884,-0.78,-0.14
1885,-0.51,-0.19
1886,-0.4,-0.23
1887,-0.24,-0.22
1888,-0.29,-0.03
1889,-0.42,-0.18
1890,-0.49,-0.4
1891,-0.23,-0.12
1892,-0.28,-0.2
1893,-0.19,-0.24
1894,-0.4,-0.21
1895,-0.21,-0.15
1896,-0.27,0.05
1897,0.06,-0.08
1898,-0.26,-0.21
1899,0.02,-0.06
1900,-0.07,-0.05
1901,-0.15,-0.27
1902,-0.26,-0.28
1903,-0.41,-0.47
1904,-0.52,-0.47
1905,-0.15,-0.24
1906,-0.24,-0.3
1907,-0.38,-0.35
1908,-0.16,-0.47
1909,-0.18,-0.4
1910,-0.31,-0.39
1911,-0.38,-0.4
1912,-0.76,-0.44
1913,-0.28,-0.36
1914,-0.19,-0.22
1915,-0.26,-0.13
1916,-0.39,-0.3
1917,-0.27,-0.03
1918,-0.18,-0.19
1919,-0.17,-0.26
1920,-0.28,-0.13
1921,-0.2,-0.1
1922,-0.32,-0.31
1923,-0.24,-0.29
1924,-0.16,-0.34
1925,-0.08,-0.15
1926,-0.06,-0.12
1927,0.15,-0.16
1928,-0.08,-0.2
1929,-0.25,-0.21
1930,-0.28,-0.02
1931,0.2,-0.07
1932,0.17,-0.18
1933,-0.29,-0.24
1934,-0.36,-0.02
1935,-0.07,-0.16
1936,-0.08,-0.07
1937,0.28,0.09
1938,0.28,-0.1
1939,-0.09,0.04
1940,0.22,0.18
1941,-0.17,0.28
1942,0.07,0.02
1943,0,0.15
1944,0.4,0.35
1945,0.14,0.32
1946,-0.05,-0.01
1947,0.03,-0.17
1948,0.04,-0.16
1949,-0.16,-0.09
1950,-0.12,-0.07
1951,0.31,0.12
1952,0.15,0.09
1953,0.16,0.07
1954,0.07,-0.1
1955,-0.03,-0.11
1956,-0.42,-0.13
1957,0.12,0.14
1958,-0.15,0.13
1959,0.11,0.11
1960,0.07,0.13
1961,0.02,0.05
1962,0,0.13
1963,0.31,0.12
1964,-0.3,-0.15
1965,-0.17,0.02
1966,0.08,0
1967,-0.1,0
1968,-0.22,0.09
1969,-0.08,0.15
1970,0.02,0.05
1971,0.11,-0.09
1972,-0.22,0.12
1973,0.06,0.12
1974,-0.18,0.05
1975,0.21,-0.03
1976,-0.05,-0.01
1977,0.16,0.2
1978,0.01,0.12
1979,0.19,0.28
1980,0.2,0.2
1981,0.14,0.2
1982,0.23,0.25
1983,0.5,0.28
1984,-0.1,0.28
1985,-0.05,0.21
1986,0.02,0.23
1987,0.47,0.44
1988,0.51,0.28
1989,0.27,0.32
1990,0.3,0.34
1991,0.48,0.31
1992,-0.26,0.16
1993,0.03,0.24
1994,0.47,0.27
1995,0.66,0.31
1996,0.11,0.3
1997,0.76,0.55
1998,0.82,0.41
1999,0.66,0.28
2000,0.51,0.39
2001,0.7,0.48
2002,0.85,0.49
2003,0.87,0.56
2004,0.67,0.51
2005,1.11,0.52
2006,0.88,0.56
2007,1.03,0.42
2008,0.71,0.5
2009,1.16,0.57
2010,0.91,0.52
2011,0.98,0.45
2012,1.12,0.6
2013,0.96,0.58
2014,0.98,0.72
2015,1.25,0.83
2016,1.4,0.78
2017,1.27,0.71
2018,1.1,0.73
2019,1.38,0.78
2020,1.49,0.77
